Lex			0x46C99316	Block2: 01 17 06 18 01 10 01 00 00 00 00 00 00 00 00 00
Timmy		0xA8AD6C2E	Block2: 01 17 06 18 01 10 02 00 00 00 00 00 00 00 00 00
Fabiella	0xD90CCF30	Block2: 01 17 06 18 01 10 03 00 00 00 00 00 00 00 00 00
Tilla		0xCA47AA33	Block2: 01 17 06 18 01 10 04 00 00 00 00 00 00 00 00 00
Lucy		0xAB9FC92A	Block2: 01 17 06 18 01 10 05 00 00 00 00 00 00 00 00 00
Oli			0xC8DCAE2E	Block2: 01 17 06 18 01 10 06 00 00 00 00 00 00 00 00 00
Beno		0xF5CC2620	Block2: 01 17 06 18 01 10 07 00 00 00 00 00 00 00 00 00
Vivy		0x4B34982A	Block2: 01 17 06 18 01 10 08 00 00 00 00 00 00 00 00 00
Rob			0x770FD307	Block2: 01 17 06 18 01 10 09 00 00 00 00 00 00 00 00 00
Niki		0x592C6330	Block2: 01 17 06 18 01 10 10 00 00 00 00 00 00 00 00 00
Mick 1		0x7BAF6D2A	Block2: 01 17 06 18 01 10 11 00 00 00 00 00 00 00 00 00
Mick 2		0x9AFEC433	Block2: 01 17 06 18 01 10 11 00 00 00 00 00 00 00 00 00
Lulu		0xE5A67A0F	Block2: 02 17 06 18 01 10 12 00 00 00 00 00 00 00 00 00

Finn		0xB85D2D35	Block2: 01 17 07 20 01 10 13 00 00 00 00 00 00 00 00 00
Lucy		0x4BE4F130	Block2: 01 17 07 20 01 10 14 00 00 00 00 00 00 00 00 00
Nino		0xE5301027	Block2: 01 17 07 20 01 10 15 00 00 00 00 00 00 00 00 00
Eli			0x6738BC0E	Block2: 01 17 07 20 01 10 16 00 00 00 00 00 00 00 00 00
Lino		0xC6EB6B1B	Block2: 01 17 07 20 01 10 17 00 00 00 00 00 00 00 00 00
Matus		0xE9C25D34	Block2: 01 17 07 20 01 10 18 00 00 00 00 00 00 00 00 00
Tom			0xDA756537	Block2: 01 17 07 20 01 10 19 00 00 00 00 00 00 00 00 00
XFinn		0xB48C5127	Block2: 01 17 07 20 01 10 20 00 00 00 00 00 00 00 00 00

Rapunzel	0x3B555335	Block2: 01 18 01 30 01 10 21 00 00 00 00 00 00 00 00 00
Patch		0x97D60315	Block2: 01 18 01 30 01 10 22 00 00 00 00 00 00 00 00 00
Olaf		0xE586CC2E	Block2: 01 18 01 30 01 10 23 00 00 00 00 00 00 00 00 00
Lightning	0x9833A93A	Block2: 01 18 01 30 01 10 24 00 00 00 00 00 00 00 00 00
Simba		0x866EF720	Block2: 01 18 01 30 01 10 25 00 00 00 00 00 00 00 00 00
Balu		0x29688139	Block2: 01 18 01 30 01 10 26 00 00 00 00 00 00 00 00 00
Bambi		0x453CDB2F	Block2: 01 18 01 30 01 10 27 00 00 00 00 00 00 00 00 00
Arielle		0xA8F17B3A	Block2: 01 18 01 30 01 10 28 00 00 00 00 00 00 00 00 00
Belle		0x55A7422F	Block2: 01 18 01 30 01 10 29 00 00 00 00 00 00 00 00 00
Mickey		0xC50CB015	Block2: 01 18 01 30 01 10 30 00 00 00 00 00 00 00 00 00
